  2.51778949  -5.11012980   3.05591311
  3.24633550  -7.27918228   3.58988347
 -2.98410547   3.57077567   4.79807645
  3.30700685  -2.44099767  -0.12976202
  1.05887397   2.56986919  -0.51571285
 -3.21967676  -1.85810238   9.22309193
 -1.77201425   2.03754404   4.12986334
  0.37505215  -7.65360297   8.17762399
  3.66005468   6.56911982  -7.41692189
  3.71910828   4.80893850  -6.18536630
 -2.73909535   3.93355975   4.15847321
  3.76474225   5.00980502  -6.40446714
  3.65733559  -1.86709890  -1.08567920
 -0.11699481   1.87646772   1.76814143
  2.40224375   1.20791776  -1.50930394
 -2.86490929   0.48082728   6.93674348
 -0.62590974  -3.59888391   6.63802754
  3.32588420  -4.02193665   1.02762618
  2.33765864  -0.77377967   0.07384680
  3.67593941  -4.35659478   0.75353697
  1.24592559   4.87119334  -2.52228339
 -3.71430657   7.77766787   2.73820895
  2.79303445  -7.52012880   4.45054493
  3.47194598   0.57062705  -2.63588926
  1.42988124  -6.60676448   5.81025150
  2.06192104   4.83346305  -3.71797885
  1.94505974   7.82631856  -5.78732853
 -0.86218384  -6.92885987   9.48992066
  1.24382312   7.03037379  -4.13851502
 -2.63050650  -7.70915946  12.72762934
  1.64836870   2.94141782  -1.67861642
 -3.74533723   4.53978368   5.21316808
 -1.78461612   0.54620109   5.26727337
 -3.63062887   6.16575121   3.82162990
 -3.22294575   6.38407838   3.04635984
  2.58766263   2.01500202  -2.39274545
  1.55862898  -5.79409612   5.00762862
 -1.46320416  -4.51517450   8.58118711
  3.60177639  -5.08574279   1.41164250
 -3.72443136  -7.33088218  14.08480867
 -0.49004512  -6.28893346   8.45176778
 -0.94753234   1.86309576   3.02397669
  2.12413431   7.03457616  -5.46213358
  2.36159921  -2.32870830   1.20413241
 -2.50501916  -1.42993456   7.82997966
 -0.08188483   7.74959067  -2.68936575
 -0.43531039   7.12926702  -1.69398468
  1.17050408   2.82631485  -0.87549226
  1.67491865   7.81283620  -5.37200512
  2.03749346   4.26930220  -3.25821683
 -1.79179938  -2.61281177   7.64730790
  1.43762141   2.59810977  -1.10501445
  1.24078403  -4.09335541   4.20884051
 -2.69910612  -3.27188399   9.50257217
 -3.04801855   2.88285394   5.40988737
 -0.01308758   0.44554929   2.68546941
  3.67795167  -1.41450379  -1.45604966
 -1.27691419   1.64221149   3.68371266
  0.68214201   4.00832089  -1.02945368
 -2.20950448   1.33653079   5.31185863
  2.01013647   0.82868024  -0.63671489
 -1.95923908   1.33712990   4.93601119
  0.04765641   0.18911872   2.78667634
  1.59261378  -6.67851637   5.61996660
  3.12722602   3.51312216  -4.32568065
  3.67433140   7.93849778  -8.46537044
  0.37772424  -2.32745112   4.17900198
 -2.89100446   7.54014104   1.68140090
 -2.80564796  -2.45681982   9.05108680
 -1.93993397   6.18470179   1.27137461
  2.72573805  -0.72488216  -0.54494545
 -1.96574257  -1.38516338   6.98748638
  2.51427861  -4.51628691   2.61579727
 -2.05180025  -5.98952660  10.56984533
  3.43410899  -3.05736650   0.14186140
 -1.20012987   3.61767091   2.08694163
 -2.42723800   4.52595317   3.24639212
 -1.99132914   3.10060184   3.66154232
  0.92835741  -7.84316396   7.48983686
 -0.21368921   5.49141341  -0.79802624
 -1.18672394   6.75731196  -0.28789806
  2.64662902   4.33526753  -4.22139418
  0.68211273  -7.31744231   7.46491263
  0.39778887  -1.94902181   3.86508306
  3.33754931   3.26943399  -4.45839946
 -1.71328785   3.67220873   2.81577523
  2.05760183  -4.41156687   3.22227240
  2.02983275  -3.69512429   2.72659409
 -0.95643322   2.76849864   2.35827586
  0.54257313  -0.36012484   2.45623394
 -3.39316568   1.97946260   6.60515157
 -3.56839905  -4.21688108  11.51525938
  0.24638042  -5.16601993   6.50494431
  2.23333784   5.27429417  -4.30572739
  3.47208547   4.27074669  -5.41118823
 -2.96075033   6.95165237   2.22738622
  0.55058929  -6.27377752   6.87944921
 -0.24487487  -5.08435991   7.18058224
 -3.90478344  -6.41447548  13.66803178
 -1.30301884  -0.16377917   5.07736264
 -2.70254153  -4.90807471  10.73486834
  2.35427633   6.33426518  -5.28211337
 -1.51027966  -6.41456561  10.07634370
  0.22826508  -7.29335085   8.12761551
 -2.67481016   0.91672249   6.32467338
  0.81585553   4.35992108  -1.49372410
 -1.89622972  -3.00895908   8.10106390
  1.23263279  -5.13628033   5.00326107
  1.51371603  -2.57670915   2.66195782
  1.98521274  -4.63766981   3.50043324
 -0.39566721   0.16244032   3.47167058
 -3.32942898   6.50182917   3.11777158
 -2.16818425   2.06278302   4.70518911
  3.30669889  -6.37545778   2.82154500
 -2.78097585  -1.74632396   8.48120674
  2.60653582  -7.12613416   4.43479689
  0.30673948   0.02052661   2.52449582
  3.96907773  -1.09246125  -2.13427066
 -3.37459577   7.96096559   2.09116946
 -0.45857384   4.98564130  -0.05137021
 -3.14677784  -0.22957328   7.89234672
  3.69518465   6.31116409  -7.27615004
 -3.96292621  -5.79925448  13.29383017
  2.19928372  -1.75992137   1.02101545
  2.53842577   6.83769960  -5.93591335
  2.94955764   6.67990132  -6.43426245
 -3.32451324   3.41718419   5.42388171
 -0.80173881   1.89339814   2.78255961
 -1.92103678  -2.50739376   7.76210048
  2.40054784   6.97643723  -5.83314968
 -0.54868938  -6.00361535   8.32574558
  3.28518076   3.68936578  -4.69479547
 -2.54522377   2.34363892   5.06010647
 -1.88957667   5.33043177   1.83654117
 -2.83568816  -1.62748435   8.47414550
 -2.91145153   3.99715535   4.36931078
  2.95433766   5.36352817  -5.45415262
  0.63763670  -2.84063364   4.17402018
  0.39888161   0.83618587   1.77453818
 -2.84036161   7.66606612   1.51099283
  2.82424894   0.78893653  -1.82807581
  0.97644105  -2.71322225   3.57025511
 -1.19238095   1.91154488   3.35491277
  0.10599632  -2.22981486   4.51336667
 -0.78553573   4.10415270   1.10018907
 -3.39226647  -1.37758802   9.12159072
 -2.08067077  -0.12247833   6.21286490
 -3.01344852   3.11589173   5.18325398
 -2.52873769   7.56374216   1.12029992
 -2.08037979  -2.75592063   8.18751017
 -0.66186345   5.40485093  -0.06084303
 -3.60276456   3.82515564   5.53528011
  3.22172888   7.26679130  -7.28268680
  3.55829752  -7.48923793   3.27948217
 -0.07308726  -2.29009622   4.82720306
 -0.08597889   2.60246135   1.17712233
 -1.29824472  -3.49597505   7.56934837
  3.20043077  -4.31387092   1.43475704
 -1.04602575   3.37805682   2.03549601
 -3.11037796   1.99316667   6.17069193
  2.24201655   1.44973845  -1.45032865
 -0.88208930   2.56700746   2.39787836
 -2.06646971  -7.23912523  11.52904849
 -0.76870284  -2.41944306   5.96763655
 -3.22836380  -0.77855071   8.42645873
 -2.94421366  -4.14552005  10.52546052
  3.53640473   3.44072021  -4.88514725
  3.64907632   5.69891667  -6.74780199
  0.60166876  -3.49587688   4.71940452
 -3.52176366   3.69681328   5.51003553
 -2.12176069  -5.79579372  10.52948633
 -1.17473143   5.38756451   0.72142376
  2.56955232  -5.78237255   3.48245093
 -3.87677250   1.41135017   7.75664612
 -3.65580959  -2.14149119  10.08983277
 -2.64807976   4.90815271   3.29100511
  1.19292380   0.06049257   1.16524487
  1.85377909  -0.16649058   0.34419931
  1.18196771   6.03277957  -3.29753624
 -0.39261035  -2.34973099   5.35121377
  0.37607114  -0.80890309   3.04257061
 -1.62943356   7.41648459  -0.11821311
  1.95754246  -7.32323523   5.55611274
 -2.48835988   7.56733335   1.05703981
  1.49420347  -4.97269051   4.48821268
 -2.53191075   2.67392480   4.79242253
 -1.05212323   1.38303383   3.54090947
  1.00494849   2.80179866  -0.60877173
  2.24181948  -2.22364721   1.30500619
 -3.35099385   1.92445483   6.58314965
  3.43508777   4.97841416  -5.88644227
  2.20570143  -7.69188036   5.46035813
 -0.10566694  -6.65802387   8.15201831
 -0.51313129   7.59682667  -1.92792307
 -0.42573000   2.42159252   1.82240062
 -1.54920422  -4.30019494   8.54895254
  0.06806924  -1.54414171   4.05600242
  0.08617251  -6.04767171   7.40649501
  2.54102167  -3.70497886   1.96720164
  2.35865134  -3.87446128   2.36786896
  1.15454504  -2.69335618   3.28819957
 -0.97112494  -5.56425579   8.62987925
  2.49264367  -2.43187744   1.08494258
  0.26260471  -6.05346473   7.14619148
 -1.19418317   6.14644892   0.18143806
  3.51201250  -6.49154576   2.60064058
  3.00754249   6.88065002  -6.67180125
  0.40125074  -1.61568050   3.60988426
  0.97980069  -7.24157661   6.96148142
  0.69635764  -2.52202395   3.84698151
 -2.33806166   3.77545854   3.67549858
 -1.59002936   4.71491452   1.84885815
 -0.23261321   0.71849437   2.81004904
 -2.15609472   2.97957541   3.99946052
  2.75447034   6.29812313  -5.85529786
 -2.44188568  -7.12333136  12.00532705
 -2.19262575  -3.14141792   8.64500207
 -2.63433562  -7.26093510  12.39720476
 -2.17868562  -4.87237178   9.92230726
 -0.51441053   3.52265284   1.12962616
 -1.51118171   3.54805238   2.60573328
  3.38703714   6.04478514  -6.61414456
 -0.55834087   1.31892743   2.84831573
 -2.52146944  -6.86905063  11.93399213
  3.23904775   6.76391312  -6.93150647
  3.83798703   4.80595348  -6.36144565
 -0.48904021  -3.42485030   6.30219805
 -3.11104621   0.69861173   7.14261052
 -1.93548243   7.75641979   0.08590881
 -0.73024123   3.45084907   1.50722504
  0.75916859   5.42351356  -2.20638806
 -1.90230602  -1.06783102   6.65433229
  0.82274472  -0.47000455   2.11838634
  1.68972624   0.97141458  -0.26315030
 -2.22602613  -3.69453530   9.10994067
 -3.06065879   3.98429548   4.60276658
 -1.62659301   0.06220438   5.39323624
 -1.44977358   2.34895466   3.41294438
 -0.60666592  -3.07607069   6.21705190
  0.06286628  -5.78040582   7.24100495
 -3.31587362  -0.39083306   8.26693523
 -1.90014212  -2.20065151   7.50070181
  2.40811698   4.60981485  -4.06953661
 -3.76623778   4.48473313   5.28580682
  3.43083312   2.69619543  -4.16839624
  1.84264690  -5.86393825   4.63398333
 -0.09112821  -7.65510580   8.87802167
  0.62820049   0.95745129   1.33961080
 -2.10173136  -3.18689571   8.54276883
 -0.32920937   7.03055542  -1.77910250
  3.70470831   7.69445818  -8.32790610
  0.37444575  -3.41407378   4.99888671
  0.16908665   4.81312459  -0.86347341
 -2.14724491   6.33778162   1.46753114
 -0.08881805   1.56042523   1.96290815
  0.99248071   6.14426777  -3.09692189
  1.43308433   7.09970466  -4.47440498
 -0.83587827   0.78652940   3.66392036
 -1.06050681   3.65418919   1.85011832
  3.90385603   1.22813277  -3.77688361
 -3.69808907  -7.58628046  14.23684395
  3.08134407  -0.85550435  -0.98038784
  3.30629462   2.34083132  -3.71506542
  2.36947099   0.33924724  -0.80864192
 -3.21030177  -2.04299743   9.34770073
 -1.90503053   6.99415466   0.61192980
 -1.31714528   5.27252519   1.02132403
  1.43782361   5.58536768  -3.34576118
 -2.90757490  -2.03945216   8.89095147
  1.76981999   1.49095320  -0.77294489
 -3.14590511   5.96084103   3.24822688
  1.23005879   6.93602574  -4.04710749
 -0.04660851   2.69542839   1.04834147
  2.23241379  -4.69157667   3.17006183
  1.72029663   2.46160947  -1.42665205
  3.22976448  -6.84717518   3.29073466
  3.12738003  -1.49236936  -0.57179303
 -1.32669558   2.67090453   2.98686497
  1.58996666   6.93961055  -4.58965790
 -2.41752139   4.97520052   2.89488169
 -3.75567243  -0.24722765   8.81892938
  1.95259408   4.10798736  -3.00988165
  0.00017948  -1.32724074   3.99516133
 -0.16062287   7.54857589  -2.42049761
  3.23777790   7.80759522  -7.71236327
  0.87893319   5.82636046  -2.68817013
  0.94133112  -1.77785959   2.92139801
  2.87553845  -0.72413075  -0.77020960
  2.44391540  -4.05300484   2.37388053
  0.61377212   4.55076949  -1.33373530
 -2.53662024   6.12540169   2.21087910
 -2.08054392   6.61938690   1.15627570
  3.09209546   0.93255878  -2.33756228
 -3.77060678   1.58188964   7.46949294
 -0.08078889  -5.61797247   7.33466269
 -2.65658283   6.39541575   2.18831244
  3.82944520  -0.79370271  -2.14889076
  1.70155577  -4.70924257   3.97959827
  0.00377299   6.39441585  -1.80147138
 -0.23129300   4.20136863   0.19591303
 -3.52304906   6.11978092   3.69473790
  1.45577523  -3.44079651   3.39693453
 -3.66055090   2.77161578   6.41211451
 -3.42843628   2.62847847   6.17129557
  0.17319874  -6.03496010   7.26642196
 -3.22615979  -1.48290523   8.95141861
  2.54518843  -3.59540878   1.87877394
  2.54037674   3.46671585  -3.41060199
  1.77951674  -3.46584989   2.93011231
 -2.80107646   6.33918171   2.44722841
  1.27684202   5.22526228  -2.83420974
  0.14875954  -1.75957579   4.09654254
  3.78379644  -0.03355291  -2.65052997
  1.19193194   3.11688308  -1.12556022
  2.40264460   5.34990402  -4.61639492
 -0.36961833   1.75407503   2.23887122
 -0.54086797   1.19579457   2.91445602
  2.60251036  -2.78332527   1.18372840
 -3.33224148  -0.69720639   8.52126701
 -2.93463194   3.42072933   4.83640091
 -2.61289110   6.15048072   2.30647610
 -0.87249758   3.53369073   1.65847832
  2.65103794  -7.70219560   4.80008979
  2.42691513   2.79642347  -2.73769030
 -3.51623057  -0.98385881   9.01223996
 -0.80593784  -0.99487713   4.95506460
  0.21500664  -6.12741089   7.27304820
 -0.66560426   5.03490703   0.22222611
  1.25487913  -2.80231298   3.21941604
  1.02378687  -4.06035017   4.50958232
 -1.66412736  -2.51658846   7.38363239
 -0.54679064  -1.98892576   5.31188028
 -3.87610299   0.74486069   8.25550898
  3.87250980   0.99072247  -3.55180654
 -2.66265272  -1.66684434   8.24411234
 -3.15026924  -1.62990593   8.94783331
 -1.02072208   0.24587551   4.34667649
 -2.41505278   2.52048867   4.73221266
 -0.08249890   7.21464317  -2.28723404
 -1.28405269   3.55757623   2.25789687
  3.61304372  -1.59872407  -1.22052252
  3.36265632   5.30994143  -6.02644055
 -3.57858402  -5.85058653  12.75581593
  1.90286476  -7.03253165   5.42010159
 -1.84704459  -6.65204716  10.75960226
 -0.61731508  -5.37762691   7.95919280
  0.38296721  -2.81248128   4.53491014
  3.54189587  -3.17237156   0.06643486
 -0.65804717  -7.81310414   9.84689885
  3.86441973   0.63848150  -3.27549072
 -1.58836041  -6.47403692  10.23806830
  1.60879005  -5.65576230   4.82863665
  1.33071081   2.09825931  -0.56976070
  0.31301172   5.74912658  -1.78136252
  1.58484416   7.58754610  -5.06792582
  1.33222331   1.13341484   0.15160391
 -2.57494036   7.94960343   0.90020797
 -2.97588480   0.85666518   6.82132832
  3.99264316   0.24733528  -3.17446620
 -2.63103147  -2.70908694   8.97836241
 -3.73919344  -1.11997123   9.44876857
  0.48959834  -0.13109994   2.36392744
  3.05493200  -6.86340666   3.56515699
  1.35340244   6.20382745  -3.68297424
 -2.47653386  -6.96586254  11.93919770
 -1.04866763  -1.02104071   5.33878198
 -0.31419250   5.22607211  -0.44826533
  3.85310361  -1.68744505  -1.51407162
 -2.74876038   1.81559811   5.76144199
  2.84418245   5.09825176  -5.08996249
  1.15811629   6.17976063  -3.37199491
 -0.98982232   6.89778604  -0.68860605
 -2.47261044  -4.94744563  10.41949988
 -0.57397606  -3.86268398   6.75797707
 -0.14382351   6.36585096  -1.55865295
 -3.03510709   1.49378977   6.43231832
  0.71605988   0.06144131   1.87982920
 -2.19049856   1.80495342   4.93203278
 -0.92304701   5.11075588   0.55150360
  0.66389106   0.51022671   1.62149337
 -1.98555102  -4.76679846   9.55342537
 -1.67647469  -0.73770455   6.06799044
  0.93672708  -1.15342528   2.45997835
 -1.87775272   7.45684399   0.22399609
  2.59501013   1.92088087  -2.33317585
  3.86130720   3.12623923  -5.13664022
  1.84199034   3.52263379  -2.40496085
 -1.24898397  -2.44967696   6.71073367
  0.67255467   0.27184673   1.78728295
 -3.13784788   0.90711411   7.02643623
  3.25046521  -5.49607649   2.24635956
  3.03722980   0.99289673  -2.30051724
  2.54208447   3.11685263  -3.15076618
 -1.91417601  -1.17671143   6.75379758
  0.75485001   5.38032673  -2.16752006
 -3.81989926   3.70219306   5.95320409
 -0.59792544  -2.23950333   5.57651565
 -1.49824891  -0.73260205   5.79682490
 -2.70812205  -1.81776162   8.42550429
 -2.56987051   4.40887428   3.54815005
 -0.61691449   3.74833769   1.11411846
 -3.24616529  -1.11555448   8.70591379
  0.78818935   3.10004119  -0.50731491
 -0.23260595   7.12341579  -1.99365292
  1.56759451   4.54772157  -2.76218294
  1.59910280   3.28914973  -1.86551650
  1.10824607  -6.25065217   6.02562003
 -3.73116931  -1.76110949   9.91758608
 -3.44955121   1.45447569   7.08347005
 -1.44320212  -0.64991923   5.65224260
  0.24691425  -7.19456021   8.02554879
  1.23556566  -4.34099866   4.40240050
 -0.73904642   5.34702498   0.09830090
  2.55984978  -7.74968492   4.97248901
  1.74687155   5.81937384  -3.98483770
  3.74919464  -6.75089515   2.43937940
  0.25067125   2.70468144   0.59548204
 -1.39883455   0.00338119   5.09571593
 -3.15496637  -4.51209922  11.11652398
  0.88766927   1.14585161   0.80910739
  2.23041793  -6.04497359   4.18810329
 -0.61237665   2.73865973   1.86457018
 -3.27341371   1.59336877   6.71509399
 -1.86822807  -7.10438148  11.13062822
 -2.77074626  -7.09851170  12.48000317
 -1.75195758  -5.55998981   9.79792873
 -0.47931889  -7.68606293   9.48352553
  0.21714193  -1.03719127   3.45218055
 -0.34060507   5.31554360  -0.47575009
  3.00297279   1.87824274  -2.91314124
  0.14441687   0.32207064   2.54182172
  3.54898100   5.82189157  -6.68989017
  1.10167278  -6.43683331   6.17511581
  3.66155152   6.52883525  -7.38895372
 -2.07434372  -6.27173289  10.81531524
  1.40897843   0.27194813   0.68257126
 -1.68748343  -5.70950365   9.81335287
  1.37446532   0.94992916   0.22585515
  1.56112400  -7.92672602   6.60335852
 -3.45605785   4.26691198   4.98390279
 -1.96167875   5.57934762   1.75800740
 -2.20767975   6.66914032   1.30966439
  1.34266182   7.79149240  -4.85761202
  2.75513725   0.08212963  -1.19430310
 -1.24430071  -3.65725401   7.60939157
  2.24415722  -6.38799181   4.42475802
  1.40265653   0.12558129   0.80182924
 -3.94627749   1.36974601   7.89210672
  0.81736390   4.20619353  -1.38069100
 -0.90583044  -6.67259761   9.36319388
  3.32792995   2.58553909  -3.93104925
 -3.99079154   0.27166424   8.78243914
 -0.30040673  -5.26323172   7.39803388
 -0.60520768   7.01692583  -1.35488285
 -0.31266907   1.44773083   2.38320548
  2.16127783  -0.94984511   0.47046709
 -1.42022554   7.07070288  -0.17268885
  2.27791436   2.49462112  -2.28783738
 -0.22914277  -0.76886865   3.92036564
 -3.71389813   5.43515873   4.49447815
 -2.59300467   0.52197604   6.49802498
  1.77406427   0.86219305  -0.30774119
 -0.21211206   2.88104848   1.15738172
 -2.77823040  -2.12496151   8.76106673
 -1.27100314  -4.17135030   8.03501744
  0.85911371   1.26277588   0.76424753
 -2.46603796   5.87019287   2.29641228
  1.90741472  -1.49157184   1.25755680
 -2.05720321  -6.19815774  10.73442313
  3.33939474  -0.89846661  -1.33524215
 -1.84750731  -3.19704958   8.16904815
  2.12400013  -1.57781034   0.99735755
 -2.49070419   5.33381702   2.73569352
 -1.70001462  -1.54194140   6.70647797
 -3.27109229  -1.75718499   9.22452718
  0.60967505  -2.23281771   3.76010071
  1.46690595  -5.75591425   5.11657677
  0.37274492  -3.83791689   5.31932030
 -0.59416927  -6.61095839   8.84947269
  1.15554225  -1.12964261   2.11391858
  1.18094104  -3.88347544   4.14119502
  1.43213403  -3.23911385   3.28113434
  1.08629368  -1.20226541   2.27225853
  3.56139290  -6.09268385   2.22742353
 -2.32852062  -0.07892922   6.55197785
  1.67425362   3.30251564  -1.98826716
 -2.11015538  -4.10282604   9.24235260
 -3.04483002   4.56112131   4.14640404
  0.85843153  -6.81456677   6.82327779
 -0.39889842  -1.69786517   4.87174651
 -0.33019605  -7.94569403   9.45456460
  1.29555802  -4.46916973   4.40854027
  2.16228412  -7.97919090   5.74096700
 -1.19825589  -4.97312526   8.52722779
  1.29607679  -5.72025512   5.34607616
 -0.67073128  -3.71078401   6.78918493
  2.73543322  -5.20172695   2.79814538
  2.66333455  -5.78161645   3.34121051
 -1.94847206   1.58216977   4.73608077
  0.90768589   6.41692649  -3.17422371
  0.65799332   7.03007625  -3.25954716
  0.32591470  -4.46104870   5.85691448
  2.95952826  -0.27725799  -1.23134889
 -1.88176779  -1.98382215   7.31051829
 -1.45540740   0.38048059   4.89775065
 -3.04628367  -3.76203850  10.39095438
  3.51863576  -6.90628447   2.90175971
  1.16441500  -1.01876676   2.01745257
 -0.16429420  -5.21835140   7.16020485
  1.11453569  -7.58228627   7.01491117
  0.35772888   7.27485239  -2.99273262
  1.17849184  -1.11045568   2.06510400
  0.35108747   7.38493717  -3.06533409
  1.76837296   4.19863174  -2.80153325
  0.17996245  -7.88242142   8.64187240
  3.94963699   2.88061825  -5.08491917
 -2.25058694   3.29521207   3.90447136
 -3.15361381   2.32206059   5.98887528
 -3.12242028   0.83695751   7.05591229
 -3.49126903  -4.51026032  11.61959879
 -0.76336003   4.35785942   0.87664549
 -0.41301670  -4.35154682   6.88318517
 -1.07347059  -2.06616450   6.15982925
  2.10803713   6.25486114  -4.85320154
  1.02317104   5.70203052  -2.81127945
  2.17584308  -1.56106320   0.90703278
  3.46282856  -2.91169412  -0.01047225
  3.78192683   1.73816689  -3.97651542
 -2.46377320   6.56312363   1.77331709
 -2.88900638   6.54557100   2.42433131
  1.57013070   1.46551054  -0.45432895
 -3.24943979  -2.67885748   9.88330279
  0.20323523   5.64901807  -1.54161640
  0.24275375  -0.92163371   3.32709466
  2.88911849   6.46968765  -6.18594348
 -0.12117333  -7.46912950   8.78360713
 -0.85234911   0.51882372   3.88940588
  1.37144912   3.46395754  -1.65514183
  1.93006355  -5.13117050   3.95328255
  0.16041974  -2.61547319   4.72097528
 -1.21829863  -4.99659282   8.57489256
 -2.80002197  -2.84916507   9.33690676
  0.68873654  -1.53829262   3.12061466
 -1.90283746   0.77706080   5.27146059
 -3.64436726  -7.22018252  13.88168778
  2.03946614   0.84371413  -0.69198480
 -2.05771714  -3.60301752   8.78883885
 -0.46078150  -4.13597213   6.79315134
  1.50236868  -4.10967713   3.82870483
 -1.12617432  -5.53344881   8.83934809
  1.89072059   7.30266178  -5.31307722
 -0.84234020   6.97058201  -0.96442621
  1.46732694   5.09943100  -3.02556365
  1.63237944   3.65218957  -2.18771134
 -0.46155669  -5.18701235   7.58259430
 -3.84337901  -2.23406437  10.44061679
 -1.35313696  -4.97936044   8.76422577
 -0.60552403  -7.98082565   9.89390528
 -1.83783661  -2.93728778   7.95972075
 -2.42356962   3.19387178   4.23995059
  2.57376948   2.00408288  -2.36371638
 -0.56062872   0.68899481   3.32419698
  3.10216763  -0.97540475  -0.92169789
 -0.87053604  -3.40116372   6.85667684
  2.15291510   0.02654571  -0.24928193
 -0.82566786   4.18473897   1.09994757
  2.46811277   4.19852878  -3.85106574
  2.04061679   1.21689442  -0.97359601
 -0.98083564   3.96260540   1.49929941
 -2.27184867   2.32855210   4.66135894
  2.32325774  -6.02848771   4.03647916
  3.59443129   0.07036576  -2.44442126
 -1.37947653  -2.44381900   6.90207904
  1.37011496  -6.52563704   5.83905534
 -0.49084014  -5.63440851   7.96206659
  2.66800476  -4.82928478   2.61995644
  2.15083402   2.75632380  -2.29349388
 -2.66197164  -1.09582107   7.81482326
  2.89584383   3.11046255  -3.67661266
  3.91897723  -3.89144699   0.04011940
  0.11538765  -7.84386160   8.70981472
  3.07424819   0.51652914  -1.99876913
  0.70420844  -3.52972856   4.59098375
 -2.76198121   7.13968246   1.78820997
 -2.40109742   6.50309226   1.72432693
 -0.74436130  -1.71704678   5.40432704
  1.98964575  -7.60231626   5.71726858
  2.60467053   2.74298875  -2.96424735
  2.31970424   5.39473017  -4.52560398
 -1.45180604   7.54399421  -0.48028660
  0.27251302  -7.08907383   7.90803585
 -3.28039457  -0.79481900   8.51670610
 -3.10635405   1.31952483   6.66988745
 -2.90965961   2.98620503   5.12483564
  1.42921844   3.51092404  -1.77702069
 -0.03858385   2.40065203   1.25738675
 -2.48231675   3.63063281   4.00050052
 -0.03995340  -2.01843735   4.57375811
 -2.81913422   1.30531333   6.24971634
 -3.56020682  -6.14210380  12.94688808
  2.80570139  -7.07753022   4.09959557
  0.48447622   7.67624358  -3.48389702
  3.43687093  -3.44282037   0.42680888
  1.57333760   1.51958878  -0.49969799
  0.66232772   7.39457650  -3.53942395
  2.52317769  -5.02754779   2.98589430
  3.03211124  -4.91136294   2.13535535
  3.91129293  -2.53369433  -0.96666865
 -3.99582100   6.92636633   3.79895675
  2.92350873  -1.74931941  -0.07327353
  0.90053176  -3.62853267   4.37060187
  3.91960165  -5.56884672   1.29723257
  0.22144055  -1.64625852   3.90253306
 -0.16381292  -2.00444053   4.74904977
  2.41078084  -5.90216469   3.81045225
 -2.17725651  -1.03934851   7.04539616
 -0.01524567  -6.53578932   7.92471050
  3.20681991   1.83403133  -3.18575336
  0.59728975  -7.82433452   7.97231626
  2.76142548   1.17216613  -2.02126282
  1.90912234   4.63567773  -3.34044180
  0.68789629  -4.23413163   5.14375429
 -2.02612379  -0.83168458   6.66294913
  1.33132974   1.10973093   0.17070719
 -3.33213749  -7.01757692  13.26138893
  1.00767828  -0.05937783   1.53301595
  1.28755646   2.27704375  -0.63911751
  1.83801484  -4.45974832   3.58778897
  3.12601693   5.39290313  -5.73370274
  3.85842578   7.53720370  -8.44054145
  2.15223268   5.54196620  -4.38482368
  0.65157190   0.09599129   1.95064867
  3.42650450  -3.53799022   0.51373592
  0.64072293   3.94587555  -0.92049105
 -3.86413649  -4.20911385  11.95304013
 -3.03312343   7.31752451   2.06154177
  2.90168575   1.92416058  -2.79564906
 -0.12562791   1.60419433   1.98529612
  2.75884540  -5.23832797   2.79047789
 -2.32475933  -6.55445219  11.40297813
  0.41833073  -3.91580476   5.30935747
  1.03906708   5.73712850  -2.86144700
 -3.74407187   6.57707285   3.68330317
  0.91770735   3.19414028  -0.77216624
 -1.10070830   3.60291768   1.94887419
 -3.60373937  -4.32182274  11.64697611
 -0.08344009   1.21685530   2.21251865
 -2.45991683   4.97004968   2.96233799
 -3.01533002  -1.53850611   8.67687461
 -2.35604663   7.81502828   0.67279874
 -2.82788072  -6.56001896  12.16183529
 -2.48742260  -2.86494348   8.87984151
 -3.65878071   0.18254302   8.35126380
  1.08158333  -7.03029813   6.65034860
 -1.74506515   3.61100678   2.90934265
  0.30877342   0.90489198   1.85817088
  1.56130432   0.46975844   0.30572470
 -0.00707189   5.27971891  -0.94918135
  0.28640845   5.74014455  -1.73472108
 -0.43853468   4.62446277   0.18945494
 -3.00854178  -2.91467114   9.69881602
 -0.07714165  -0.76468074   3.68922303
  2.82398524   4.03564752  -4.26271350
  2.99141925  -6.24221271   3.19453066
 -1.83764534  -6.24412210  10.43955959
 -2.33230913  -3.68186138   9.25985973
  0.51983657   0.39419753   1.92459701
  1.12249460   7.56241723  -4.35555483
 -0.66376839   3.36653896   1.47074836
 -2.35219588  -3.01024088   8.78597447
  3.58346497  -3.33668596   0.12731701
 -3.34343034   5.60571740   3.81085747
 -3.15432459   6.58635878   2.79171779
 -2.86367102   2.22841836   5.62419277
 -2.66831647  -3.91407523   9.93803113
  0.96766915  -6.58134656   6.48450619
  0.58967812   5.41208940  -1.94358423
 -3.58337688   1.35549791   7.35844189
  3.44961108   7.16973977  -7.55172144
  1.82929345  -7.02353713   5.52371267
  1.90273323   1.35426085  -0.86979549
 -3.49276399  -3.43827063  10.81784896
  2.88352450   5.24371478  -5.25807284
  3.47524095  -4.94421695   1.49530128
  3.87518650  -0.91952060  -2.12313929
  2.87151053  -1.70541590  -0.02820388
  2.28447191   5.22518366  -4.34559562
  0.10701935   2.82993750   0.71701786
 -2.57918032  -4.67835145  10.37753406
 -0.81128403  -2.91032438   6.39966933
 -2.92854999  -5.85902423  11.78709316
 -3.75288361   2.74340623   6.57177074
  3.51313365   1.13585721  -3.12159338
 -1.58955148  -5.28372694   9.34712243
 -1.63572932  -5.63750757   9.68172466
 -1.33650975  -0.38272451   5.29180800
 -0.26345450   6.52963866  -1.50204724
  1.18558725   0.83480043   0.59551880
 -3.79817455  -7.47296172  14.30198311
  2.73765290  -7.13819318   4.24716553
  0.47226036   4.88101166  -1.36914928
  2.83279959  -0.77800232  -0.66569765
 -1.21696645  -1.87766033   6.23369491
 -0.43178682   4.63429926   0.17195578
 -3.56608412  -2.17141009   9.97768375
 -2.58313973   0.51759896   6.48651037
  1.30246450   3.38650730  -1.49357722
 -1.35336804   5.94362429   0.57233384
  3.18788910  -2.74096621   0.27389101
 -3.05475841   2.40188841   5.78072131
  3.90734343   7.59737837  -8.55904892
  0.31985679  -6.78452222   7.60860648
  1.65533935   1.39230667  -0.52723904
  3.99593296  -1.37781604  -1.96053741
 -1.69720524  -3.05381718   7.83617074
 -0.68381969  -3.77865534   6.85972103
 -0.28128047   4.14026024   0.31672552
  2.11165663   7.92345570  -6.11007672
  2.54563231  -5.01485689   2.94269420
 -3.19822768   4.49832430   4.42359830
 -2.57506437  -4.86723230  10.51302078
 -1.12292069   7.87774357  -1.22392664
 -3.54636249   4.83618512   4.69240489
  0.17508539  -1.21237264   3.64665140
 -1.31320820   3.66182189   2.22344589
 -2.59464776  -0.02634268   6.91172865
 -2.32842661   4.94384428   2.78475671
  3.24122847  -2.29585706  -0.13994991
  1.40312942  -6.82810505   6.01638466
 -0.25225440   1.45586328   2.28648414
  3.29705979   6.56300529  -6.86784366
 -3.16790740  -4.89974502  11.42666987
  1.96436859  -1.08211534   0.86503362
  1.89013964   3.98655567  -2.82512622
  0.49489140  -7.37304821   7.78744906
 -2.52644722   7.14119984   1.43377095
  0.77769080   4.21877318  -1.33061609
 -1.60050408   0.94112881   4.69490951
 -2.92701654  -5.05851289  11.18440947
 -2.29918773  -0.03281896   6.47339582
  3.15953340   0.28552960  -1.95344731
 -3.42837750   7.90788817   2.21165012
 -2.06010753   5.67762693   1.83194110
 -3.56996486   7.39846304   2.80610002
 -0.46622354   2.86305614   1.55204321
 -3.89373440  -1.54397778   9.99858493
  3.17753081   6.95966538  -6.98604525
 -2.42673447  -0.32824727   6.88628716
 -3.25303587  -4.29133421  11.09805446
 -1.54106480  -1.65935602   6.55611422
 -0.35153867   3.28123960   1.06637830
 -3.18664485   0.93694455   7.07725886
  3.96311782   4.10609121  -6.02424514
 -1.34325733   7.92769694  -0.93088670
 -1.62122547   7.39890247  -0.11733864
 -3.50363823   0.56107368   7.83465208
 -1.61404822   7.42192208  -0.14536922
 -3.62918988  -6.14998593  13.05627427
  0.04342514  -7.17682731   8.31748277
  2.09140709  -3.13041687   2.21070201
  1.04855999   1.28306933   0.46485801
 -3.28086679   0.49543124   7.54972676
 -3.35310061   6.41932948   3.21515381
  2.21792429   0.64880680  -0.81349154
  3.24107795  -1.08831023  -1.04538426
  0.27017561   0.68267180   2.08273273
 -3.12676630   3.39863689   5.14117179
  2.60647086  -7.73320459   4.89019715
 -1.29521825   4.81473411   1.33177679
 -1.64821558  -5.71985080   9.76221146
  1.97050742  -0.34440843   0.30254519
 -3.91730705  -3.89063433  11.79393633
 -3.61242129  -2.09453298   9.98953166
  1.34332897   2.58823861  -0.95617242
  0.82774387  -5.28625898   5.72307843
  0.20881973  -3.53945567   5.34136217
  1.83767559  -4.82845129   3.86482509
  1.65802788  -4.87885547   4.17209978
  2.25101641  -2.77056563   1.70139960
 -1.69618420   6.08540577   0.98022197
  1.54025589  -0.46237016   1.03639378
  0.45335868  -1.53649005   3.47232951
 -0.82783366  -5.13229638   8.09097277
 -3.50727466   7.50279994   2.63381204
  2.24140425  -1.48070820   0.74842477
 -1.29932909   5.51179834   0.81514487
  0.86292726   1.84520155   0.32170795
  1.93003240  -1.97422275   1.58561847
 -3.16149406   6.03490799   3.21606010
 -2.97689296   4.55763884   4.04711032
  0.39632086  -0.56073147   2.82606732
 -0.11816473   5.02363083  -0.59047602
  3.12380543   6.37510619  -6.46703780
  2.39168223  -1.13218331   0.26161414
  1.87472867  -2.65072929   2.17595396
 -3.58934491   1.54635367   7.22425211
 -3.41691761   6.43185294   3.30148671
 -3.29178032   3.23306319   5.51287309
  2.38680691  -1.96071837   0.89032841
  3.54406512   3.75929481  -5.13556878
  1.46972458   7.26564458  -4.65382031
 -2.94333635   0.68500981   6.90124717
  1.78179632   0.64169332  -0.15396446
 -3.11717215  -3.02224577   9.94244256
 -3.06005718  -6.86024685  12.73527091
  1.12574338  -5.08831253   5.12761932
 -1.36948628  -6.51217717   9.93836230
  1.23049618  -0.58417204   1.59238476
  1.99305170  -7.85067981   5.89843230
  0.66548585   6.64041459  -2.97853972
  1.92025862   2.28386783  -1.59328881
 -2.12138468  -7.97729507  12.16504832
  1.87966033  -7.51383564   5.81588623
  3.76478820  -4.66447643   0.85117502
  2.93544233  -0.72054168  -0.86275724
 -3.31012376  -5.96374347  12.43799324
 -1.06850707  -7.86163699  10.49898835
 -1.04640957   3.63327362   1.84465913
  1.48022778  -2.33413654   2.53026074
  0.78353308   4.48713514  -1.54065098
  2.31491155  -1.01349373   0.28775298
 -1.05877665  -1.01512348   5.34950759
 -2.35177712  -7.21258911  11.93710752
 -3.30666762  -7.20588958  13.36441861
  2.17547134  -6.54239719   4.64359089
 -2.35460383   1.50459250   5.40346137
 -0.89382695  -4.14265512   7.44773177
  0.41422826   5.46190563  -1.71777161
 -2.16837398   5.71540423   1.96600781
  1.13552496   7.41779522  -4.26663386
 -0.12415702  -0.17760342   3.31943810
 -2.78523580  -4.47503839  10.53413249
  2.25545573  -4.38066175   2.90231271
 -3.19514942   0.58860487   7.35127048
 -1.64746933   4.19375535   2.32588748
 -2.10101584  -2.43892559   7.98071796
  0.24697806  -0.62029185   3.09475180
 -3.26801015   2.22918020   6.23013008
 -0.75747664   6.67737665  -0.87181753
 -3.16123002  -5.41483882  11.80297415
 -3.10172830   3.45016647   5.06496760
  2.27542313   1.24382202  -1.34600120
 -1.66743746  -1.06721636   6.30156846
  0.82826751   6.14788452  -2.85331466
  3.71538134  -1.71117191  -1.28969307
 -0.54012005  -5.13639756   7.66247824
  1.55801756   2.13333729  -0.93702930
  2.06479420   1.98400887  -1.58519796
 -0.53886139  -2.75293445   5.87299292
  1.24398432   4.84744506  -2.50156027
 -3.12195959   7.99164574   1.68920509
  3.47007879   7.69565057  -7.97685611
 -2.50031355  -5.96740892  11.22602702
 -1.87056929  -4.28415766   9.01897218
  2.38264208  -7.62188053   5.14244728
 -0.09916980   1.71892177   1.85956337
  2.15166611  -6.22705086   4.44278898
 -0.83194604  -1.48064787   5.35840496
 -1.81648965   6.14522891   1.11581279
 -3.70212293   0.77012444   7.97559106
  1.38635931  -2.09595077   2.49242411
 -0.56348433  -4.66646427   7.34507470
 -0.38608612  -0.94490758   4.28780986
  0.87885735   7.29913843  -3.79263986
 -3.52477363  -6.01558533  12.79884944
 -1.47350849  -0.46778807   5.56110379
  2.18177705   5.71034124  -4.55542150
  1.57146391  -7.30575245   6.12211847
 -2.99734255   3.06600232   5.19651208
 -2.95878840   7.66376747   1.69035700
 -3.26118129  -3.46771362  10.49255715
 -3.93743765  -5.85951200  13.30079048
 -0.61512492   2.96447495   1.69933117
  1.24458540   6.55127289  -3.78033277
  1.78338020   1.77390372  -1.00549808
  0.24967435   6.39972474  -2.17430508
 -3.12945649  -4.90505997  11.37297972
  1.05413099   4.07079330  -1.63429146
 -2.98800108  -2.45982853   9.32687302
 -2.92557357  -1.30199337   8.36485538
 -3.21124726  -5.50848271  11.94823292
 -2.86378201   5.10400934   3.46766601
 -2.65398961   1.99877645   5.48190208
 -2.43000862   3.81696675   3.78228787
 -1.46016180   4.88179873   1.52889365
 -1.46856801  -6.92443748  10.39618012
 -2.25949352   7.21264506   0.97975649
 -1.99166523  -0.03876782   6.01657372
  3.14337924   4.08233448  -4.77681972
  1.62578580   3.87848113  -2.34753954
  0.44590354   5.29807321  -1.64241022
 -2.52453066  -5.49597045  10.90877383
 -2.30375326  -0.68306047   6.96792524
 -3.38122554   1.88960794   6.65463235
  3.31040329   6.91493368  -7.15180519
  1.65372174   5.36141177  -3.50164144
  0.46231173   6.32677626  -2.43854980
 -1.49256808   1.32029639   4.24862982
 -2.67037150   1.32394890   6.01259557
  0.97997807   5.67881502  -2.72907838
  3.90347788  -7.44214880   2.72639478
 -2.63654382   6.16672153   2.32977458
 -1.93766200  -1.47630702   7.01372326
 -0.82560545  -7.41788751   9.80182381
 -3.40804184   3.93836708   5.15828745
  1.47276854  -5.52273967   4.93290195
 -0.78089334  -5.69746674   8.44444006
  3.86268161   1.69534485  -4.06553106
 -0.78252812  -3.92830650   7.12002205
  0.96537558  -2.81353272   3.66208617
 -2.76504156  -1.57134531   8.32607132
 -0.94923836  -1.49802686   5.54737769
 -2.71092823  -1.82094178   8.43209868
  2.06489945   1.75682918  -1.41497106
  2.96888898  -5.32974844   2.54397787
 -1.19378604  -4.99052683   8.53357418
  1.48428567  -6.48593808   5.63802506
 -1.64681093  -2.82901964   7.59198112
  0.24503443   4.31355087  -0.60271480
  2.65938709  -4.25411196   2.20150334
  0.77992153   3.84584751  -1.05426794
 -1.31750935   3.08509462   2.66244307
 -1.60619981   5.18525141   1.52036116
 -0.37925967   5.24764079  -0.36684109
 -0.61883477  -3.30611306   6.40783695
 -1.12314946  -3.05009212   6.97229328
  0.46655360   0.36847678   2.02381202
  1.94036293  -2.79521612   2.18586770
 -0.60532173   5.30948017  -0.07412753
 -0.56515369   4.96471665   0.12419305
 -3.00101793   0.91197218   6.81754776
 -3.80452787  -3.79257546  11.55122340
 -1.67851788   2.88905924   3.35098239
 -1.45983534  -4.26154967   8.38591526
  1.22952107  -0.69719417   1.67861402
  3.65548739  -1.84692969  -1.09803382
  3.48584698   0.61762302  -2.69198774
 -0.33690933   7.86725954  -2.39508066
 -2.07617283   4.08352643   3.05161442
  2.11118355   7.68727759  -5.93223352
  2.07461907  -4.24347775   3.07067971
  1.92518452   0.45694542  -0.23048584
  1.94950673  -7.17702314   5.45850726
 -3.15263667   4.11000754   4.64644935
  1.45248344   1.63167626  -0.40248236
 -0.29391537   5.71469935  -0.84515145
 -2.30269436   7.81243423   0.59471587
 -3.21185010   6.87175156   2.66396148
  2.58859579  -1.44776106   0.20292711
 -2.59992210  -7.99453660  12.89578560
 -2.69144072   0.65405316   6.54662121
  1.32789773  -4.67631005   4.51538594
  3.15511500  -4.49146259   1.63592444
  0.13246567  -2.78709980   4.89162635
  1.62161846  -6.46480933   5.41617932
 -2.77127699   3.96053859   4.18651154
  3.62765656   3.97614332  -5.42359233
  0.32707265   0.69279093   1.98979783
  1.43787119  -2.58988294   2.78560542
 -3.70749586   5.31733859   4.57323984
  2.47363081   0.84115485  -1.34131235
  1.98895097   7.32068987  -5.47394386
 -3.03850386   6.28533311   2.84375595
  0.20036132  -2.29594213   4.42141462
 -1.39333097   0.74243029   4.53317374
  0.37159552  -2.45309198   4.28242571
 -0.80895398   1.96484465   2.73979748
 -0.67925291   4.74599496   0.45938314
 -2.55409792   3.93399842   3.88064806
 -1.95690608  -5.99142030  10.42892434
 -3.83571380   5.15830411   4.88484262
  3.38940490  -7.59759198   3.61408663
  1.22959911  -1.36913791   2.18245476
  3.46090858   3.70251949  -4.96825248
 -2.69190105   4.50198400   3.66136357
  3.36877805  -2.12342536  -0.46059805
  2.35726308   3.91788570  -3.47430890
  0.61915357   6.27627501  -2.63593662
 -0.47971523  -4.11834582   6.80833222
 -1.93909011  -5.92644839  10.35347145
  2.01557115  -4.39891389   3.27582869
 -2.17064414  -2.39977730   8.05579919
 -3.48650330  -3.40664619  10.78473959
  2.13863609   6.83980811  -5.33781022
  1.36961748  -7.17897989   6.32980869
  1.72170012   1.48266808  -0.69455124
  1.13648663  -5.39361760   5.34048326
 -0.64761365   5.41449231  -0.08944876
 -0.87390334  -5.31902512   8.30012385
  2.52912082   0.03520985  -0.82008862
 -1.46057709   7.98927166  -0.80108811
  2.51631818  -2.31348558   0.96063691
  2.31258812  -7.24675665   4.96618531
  2.81811112  -4.58143064   2.20890629
  0.04509294  -1.63457401   4.15829110
  1.08529111  -2.66130911   3.36804517
  3.60715532  -4.32635949   0.83403663
 -0.44828676   6.97792284  -1.56101199
 -3.51984944   2.93102056   6.08150875
  2.93399918   7.39382073  -6.94636431
  1.04950987  -0.99242916   2.17005706
 -1.15941078   7.04538647  -0.54492368
  3.97602617  -7.90665081   2.96594885
 -2.20662801   1.76491248   4.98625765
  1.21960858   4.81721211  -2.44232196
  0.83992514  -4.27229547   4.94433390
 -0.90203655   6.91949881  -0.83656929
 -2.86250273   4.21220441   4.13460078
 -3.79892011   5.22319264   4.78098570
 -0.63110197   1.17541742   3.06508989
 -2.52719768   4.68130663   3.27981656
  1.80620214  -2.73534087   2.34220244
 -1.03709851  -4.42460838   7.87410405
  2.73248070  -3.00181853   1.15264285
  1.87383753   1.35237566  -0.82503804
  0.56820698   5.27862626  -1.81128017
 -2.58515954  -3.35260014   9.39218941
  3.65907218  -1.55912973  -1.31926098
 -1.87742371   5.79291677   1.47144798
  3.39664716   1.83583280  -3.47184535
 -2.20983676   7.85900461   0.42050168
 -1.01148954  -4.74081800   8.07284781
 -3.29999720   5.23534536   4.02348679
  1.12093239   2.81378590  -0.79173801
